0.18696363030592889, 0.1592768841821705
0.19745860851528033, 0.15716258004382297
0.20795358672463177, 0.1553746450006566
0.2184485649339832, 0.15355833003617012
0.22894354314333465, 0.15191229459960426
0.23943852135268606, 0.15009597963511778
0.24993349956203753, 0.1485067040411921
0.26042847777138894, 0.14708770797518703
0.2709234559807404, 0.14593832116172295
0.2814184341900918, 0.14484569419089904
0.29191341239944324, 0.14361116761347464
0.3024083906087947, 0.1422773113114299
0.3129033688181462, 0.14166714300304772
0.3233983470274976, 0.14088669516674493
0.333893325236849, 0.14014881721242228
0.34438830344620047, 0.13928322961215922
0.3548832816555519, 0.1388575307923577
0.36537825986490335, 0.13823317252331546
0.37587323807425477, 0.13786423354615415
0.3863682162836062, 0.13749529456899284
0.39686319449295765, 0.13729663511975213
0.4073581727023091, 0.13723987527711193
0.41785315091166053, 0.13722568531645188
0.42834812912101194, 0.13723987527711193
0.4388431073303634, 0.13723987527711193
0.4493380855397148, 0.13723987527711193
0.4598330637490663, 0.13738177488371242
0.4703280419584177, 0.1375094845296529
0.4808230201677692, 0.13804870303473482
0.4913179983771206, 0.13851697173651648
0.5018129765864721, 0.1387723910283974
0.5123079547958235, 0.13915551996621875
0.5228029330051749, 0.14002110756648184
0.5332979112145264, 0.14057451603222382
0.5437928894238777, 0.1410711646553256
0.5542878676332292, 0.14185161249162836
0.5647828458425806, 0.1426462502885912
0.5752778240519321, 0.14325641859697338
0.5857728022612836, 0.14416457607921662
0.596267780470635, 0.14511530344344
0.6067627586799864, 0.14583899143710258
0.6172577368893379, 0.14678971880132596
0.6277527150986892, 0.14779720600818957
0.6382476933080408, 0.148762123333073
0.6487426715173922, 0.14988313022521702
0.6592376497267436, 0.15079128770746025
0.6697326279360951, 0.15213933397016505
0.6802276061454464, 0.15310425129504848
0.6907225843547979, 0.15426782806917264
0.7012175625641495, 0.15544559480395684
0.7117125407735008, 0.15656660169610084
0.7222075189828523, 0.15782950819484534
0.7327024971922036, 0.1590498448116097
0.7431974754015551, 0.1602276115463939
0.7536924536109066, 0.16139118832051805
0.764187431820258, 0.1626399048586025
0.7746824100296095, 0.1638744314360269
0.7851773882389608, 0.16517990781675154
0.7956723664483123, 0.16632929463021565
0.8061673446576638, 0.16767734089292047
0.8166623228670151, 0.1688692975883647
0.8271573010763666, 0.17018896392974942
0.8376522792857182, 0.17135254070387357
0.8481472574950695, 0.1724877375566776
0.858642235704421, 0.1736938842127819
0.8691372139137723, 0.1748148911049259
0.8796321921231238, 0.17606360764301035
0.8901271703324753, 0.1771988044958144
0.9006221485418267, 0.17822048166333804
0.9111171267511782, 0.17936986847680214
0.9216121049605295, 0.18066115489686674
0.932107083169881, 0.18169702202505045
0.9426020613792325, 0.18266193934993388
0.9530970395885838, 0.18355590687151707
0.9635920177979354, 0.18469110372432113
0.9740869960072867, 0.18568440097052466
0.9873524227654507, 0.18670788621368078
0.9983091423996042, 0.18757889804084135
